0.4515796703
0.1140070922
0.3152627189
0.7019230769
0.3681722689
0.437254902
0.2653508772
0.175032175
0.4872727273
0.3512931034
0.4609800363
0.4371184371
0.4411764706
0.4806397306
0.3853769992
0.2567043049
0.3791666667
0.3976725522
0.3526570048
0.4272727273
0.329047619
0.2843137255
0.375
0.4200803213
0.4673758865
0.5490819209
0.5044642857
0.4931350114
0.3963585434
0.1441647597
0.5358695652
0.3375
0.5303030303
0.4272727273
0.1405342625
0.1790505676
0.3401360544
0.1597877358
0.3402909551
0.4019607843
0.6210526316
0.5050505051
0.2046615581
0.1282467532
0.1575682382
0.6261904762
