0.5753968254
0.3283052351
0.1168831169
0.5806451613
0.3709150327
0.5763125763
0.4590291262
0.5582137161
0.2629459148
0.303030303
0.4208333333
0.3365079365
0.4393939394
0.5222222222
0.4208860759
0.2105855856
0.3773879142
0.4277777778
0.3605442177
0.6813186813
0.3344827586
0.3253968254
0.1579254079
0.1179867987
0.1662917135
0.1709851552
0.4302325581
0.3431372549
0.2647058824
0.5386904762
0.3378773126
0.3205128205
0.2807377049
0.3522167488
0.4554195804
0.429245283
0.3557312253
0.5487637363
0.4969987995
0.4046985816
0.4727564103
0.1152298851
0.3888888889
0.4157142857
0.3963585434
0.4703801945
0.3138613861
0.4799679487
0.3771689498
0.3919753086
0.3586744639
0.4807228916
0.3393524284
0.1418485237
0.4983766234
0.4638398622
0.2992405063
0.4515738499
0.2881562882
0.1589834515
0.0923180593
0.4479166667
0.421483376
0.6229086229
0.4848484848
0.1444805195
0.4130718954
0.4147727273
0.1323692992
0.6095772217
0.2993197279
0.3043315907
0.3779661017
0.4404040404
0.5534395647
0.2344771242
0.4147465438
0.5873015873
0.1693711968
0.4357142857
0.5104166667
0.3457880435
0.4795744681
0.2976190476
0.293556701
0.4971428571
0.1342465753
0.3341625207
0.2196969697
0.5785953177
0.1902173913
0.2419984387
0.1245098039
0.4852272727
0.5142857143
0.09718603439
0.3356481481
0.4045454545
0.4087301587
0.3958333333
0.3050595238
0.3181818182
0.3207288401
0.1794354839
0.65625
0.6284722222
0.4302325581
0.1248189281
0.1253894081
0.3510416667
0.3367346939
0.1092173913
0.2460815047
0.2120708749
0.2936633663
0.825
0.3383838384
0.1920485175
0.5262605042
0.5162601626
0.4691558442
0.4345238095
0.5846774194
0.429245283
0.5
0.337962963
0.09261904762
0.4155844156
0.4730769231
0.1247863248
0.2562724014
0.4192938209
0.4076530612
0.6319444444
0.4054621849
0.5038986355
0.3639705882
0.4047619048
0.1812200957
0.5173611111
0.2062068966
0.101010101
0.2986453202
0.3605200946
0.4698996656
0.2554112554
0.1744913928
0.1392251816
0.4291891892
0.07773584906
0.4095149254
0.5290178571
0.2803030303
0.4837037037
0.4008390542
0.1259887006
0.3306451613
0.2336197637
0.5064102564
0.3257575758
0.515625
0.202104811
